all_mx_list <-c(new_atachm_mx_3001, new_atachm_mx_6001, new_atachm_mx_9001, new_atachm_mx_12001, 
new_atachm_mx_15001, new_atachm_mx_18001, new_atachm_mx_21001, new_atachm_mx_24001, 
new_atachm_mx_27001, new_atachm_mx_30001, new_atachm_mx_33001, new_atachm_mx_36001, 
new_atachm_mx_39001, new_atachm_mx_42001, new_atachm_mx_45001, new_atachm_mx_48001, 
new_atachm_mx_51001, new_atachm_mx_54001, new_atachm_mx_57001, new_atachm_mx_60001, 
new_atachm_mx_63001, new_atachm_mx_66001, new_atachm_mx_69001, new_atachm_mx_72001, 
new_atachm_mx_75001, new_atachm_mx_78001, new_atachm_mx_81001, new_atachm_mx_84001, 
new_atachm_mx_87001, new_atachm_mx_90001, new_atachm_mx_93001, new_atachm_mx_96001, 
new_atachm_mx_99001, new_atachm_mx_102001, new_atachm_mx_105001, new_atachm_mx_108001, 
new_atachm_mx_111001, new_atachm_mx_114001, new_atachm_mx_117001, new_atachm_mx_120001, 
new_atachm_mx_123001, new_atachm_mx_126001, new_atachm_mx_129001, new_atachm_mx_132001, 
new_atachm_mx_135001, new_atachm_mx_138001, new_atachm_mx_141001, new_atachm_mx_144001, 
new_atachm_mx_147001, new_atachm_mx_150001, new_atachm_mx_153001, new_atachm_mx_156001, 
new_atachm_mx_159001, new_atachm_mx_162001, new_atachm_mx_165001, new_atachm_mx_168001, 
new_atachm_mx_171001, new_atachm_mx_174001, new_atachm_mx_177001, new_atachm_mx_180001, 
new_atachm_mx_183001, new_atachm_mx_186001, new_atachm_mx_189001, new_atachm_mx_192001, 
new_atachm_mx_195001, new_atachm_mx_198001, new_atachm_mx_201001, new_atachm_mx_204001, 
new_atachm_mx_207001, new_atachm_mx_210001, new_atachm_mx_213001, new_atachm_mx_216001, 
new_atachm_mx_219001, new_atachm_mx_222001, new_atachm_mx_225001, new_atachm_mx_228001, 
new_atachm_mx_231001, new_atachm_mx_234001, new_atachm_mx_237001, new_atachm_mx_240001, 
new_atachm_mx_243001, new_atachm_mx_246001, new_atachm_mx_249001, new_atachm_mx_252001, 
new_atachm_mx_255001, new_atachm_mx_258001, new_atachm_mx_261001, new_atachm_mx_264001, 
new_atachm_mx_267001, new_atachm_mx_270001, new_atachm_mx_273001, new_atachm_mx_276001, 
new_atachm_mx_279001, new_atachm_mx_282001, new_atachm_mx_285001, new_atachm_mx_288001, 
new_atachm_mx_291001, new_atachm_mx_294001, new_atachm_mx_297001, new_atachm_mx_300001, 
new_atachm_mx_303001, new_atachm_mx_306001, new_atachm_mx_309001, new_atachm_mx_312001, 
new_atachm_mx_315001, new_atachm_mx_318001, new_atachm_mx_321001, new_atachm_mx_324001, 
new_atachm_mx_327001, new_atachm_mx_330001, new_atachm_mx_333001, new_atachm_mx_336001, 
new_atachm_mx_339001, new_atachm_mx_342001, new_atachm_mx_345001, new_atachm_mx_348001, 
new_atachm_mx_351001, new_atachm_mx_354001, new_atachm_mx_357001, new_atachm_mx_360001, 
new_atachm_mx_363001, new_atachm_mx_366001, new_atachm_mx_369001, new_atachm_mx_372001, 
new_atachm_mx_375001, new_atachm_mx_378001, new_atachm_mx_381001, new_atachm_mx_384001, 
new_atachm_mx_387001, new_atachm_mx_390001, new_atachm_mx_393001, new_atachm_mx_396001, 
new_atachm_mx_399001, new_atachm_mx_402001, new_atachm_mx_405001, new_atachm_mx_408001, 
new_atachm_mx_411001, new_atachm_mx_414001, new_atachm_mx_417001, new_atachm_mx_420001, 
new_atachm_mx_423001, new_atachm_mx_426001, new_atachm_mx_429001, new_atachm_mx_432001, 
new_atachm_mx_435001, new_atachm_mx_438001, new_atachm_mx_441001, new_atachm_mx_444001, 
new_atachm_mx_447001, new_atachm_mx_450001, new_atachm_mx_453001, new_atachm_mx_456001, 
new_atachm_mx_459001, new_atachm_mx_462001, new_atachm_mx_465001, new_atachm_mx_468001, 
new_atachm_mx_471001, new_atachm_mx_474001, new_atachm_mx_477001, new_atachm_mx_480001, 
new_atachm_mx_483001, new_atachm_mx_486001, new_atachm_mx_489001, new_atachm_mx_492001, 
new_atachm_mx_495001, new_atachm_mx_498001, new_atachm_mx_501001, new_atachm_mx_504001, 
new_atachm_mx_507001, new_atachm_mx_510001, new_atachm_mx_513001, new_atachm_mx_516001, 
new_atachm_mx_519001, new_atachm_mx_522001, new_atachm_mx_525001, new_atachm_mx_528001, 
new_atachm_mx_531001, new_atachm_mx_534001, new_atachm_mx_537001, new_atachm_mx_540001, 
new_atachm_mx_543001, new_atachm_mx_546001, new_atachm_mx_549001, new_atachm_mx_552001, 
new_atachm_mx_555001, new_atachm_mx_558001, new_atachm_mx_561001, new_atachm_mx_564001, 
new_atachm_mx_567001, new_atachm_mx_570001, new_atachm_mx_573001, new_atachm_mx_576001, 
new_atachm_mx_579001, new_atachm_mx_582001, new_atachm_mx_585001, new_atachm_mx_588001, 
new_atachm_mx_591001, new_atachm_mx_594001, new_atachm_mx_597001, new_atachm_mx_600001, 
new_atachm_mx_603001, new_atachm_mx_606001, new_atachm_mx_609001, new_atachm_mx_612001, 
new_atachm_mx_615001, new_atachm_mx_618001, new_atachm_mx_621001, new_atachm_mx_624001, 
new_atachm_mx_627001, new_atachm_mx_630001, new_atachm_mx_633001, new_atachm_mx_636001, 
new_atachm_mx_639001, new_atachm_mx_642001, new_atachm_mx_645001, new_atachm_mx_648001, 
new_atachm_mx_651001, new_atachm_mx_654001, new_atachm_mx_657001, new_atachm_mx_660001, 
new_atachm_mx_663001, new_atachm_mx_666001, new_atachm_mx_669001, new_atachm_mx_672001, 
new_atachm_mx_675001, new_atachm_mx_678001, new_atachm_mx_681001, new_atachm_mx_684001, 
new_atachm_mx_687001, new_atachm_mx_690001, new_atachm_mx_693001, new_atachm_mx_696001, 
new_atachm_mx_699001, new_atachm_mx_702001, new_atachm_mx_705001, new_atachm_mx_708001, 
new_atachm_mx_711001, new_atachm_mx_714001, new_atachm_mx_717001, new_atachm_mx_720001, 
new_atachm_mx_723001, new_atachm_mx_726001, new_atachm_mx_729001, new_atachm_mx_732001, 
new_atachm_mx_735001, new_atachm_mx_738001, new_atachm_mx_741001, new_atachm_mx_744001, 
new_atachm_mx_747001, new_atachm_mx_750001, new_atachm_mx_753001, new_atachm_mx_756001, 
new_atachm_mx_759001, new_atachm_mx_762001, new_atachm_mx_765001, new_atachm_mx_768001, 
new_atachm_mx_771001, new_atachm_mx_774001, new_atachm_mx_777001, new_atachm_mx_780001, 
new_atachm_mx_783001, new_atachm_mx_786001, new_atachm_mx_789001, new_atachm_mx_792001, 
new_atachm_mx_795001, new_atachm_mx_798001, new_atachm_mx_801001, new_atachm_mx_804001, 
new_atachm_mx_807001, new_atachm_mx_810001, new_atachm_mx_813001, new_atachm_mx_816001, 
new_atachm_mx_819001, new_atachm_mx_822001, new_atachm_mx_825001, new_atachm_mx_828001, 
new_atachm_mx_831001, new_atachm_mx_834001, new_atachm_mx_837001, new_atachm_mx_840001, 
new_atachm_mx_843001, new_atachm_mx_846001, new_atachm_mx_849001, new_atachm_mx_852001, 
new_atachm_mx_855001, new_atachm_mx_858001, new_atachm_mx_861001, new_atachm_mx_864001, 
new_atachm_mx_867001, new_atachm_mx_870001, new_atachm_mx_873001, new_atachm_mx_876001, 
new_atachm_mx_879001, new_atachm_mx_882001, new_atachm_mx_885001, new_atachm_mx_888001, 
new_atachm_mx_891001, new_atachm_mx_894001, new_atachm_mx_897001, new_atachm_mx_900001, 
new_atachm_mx_903001, new_atachm_mx_906001, new_atachm_mx_909001, new_atachm_mx_912001, 
new_atachm_mx_915001, new_atachm_mx_918001, new_atachm_mx_921001, new_atachm_mx_924001, 
new_atachm_mx_927001, new_atachm_mx_930001, new_atachm_mx_933001, new_atachm_mx_936001, 
new_atachm_mx_939001, new_atachm_mx_942001, new_atachm_mx_945001, new_atachm_mx_948001, 
new_atachm_mx_951001, new_atachm_mx_954001, new_atachm_mx_957001, new_atachm_mx_960001, 
new_atachm_mx_963001, new_atachm_mx_966001, new_atachm_mx_969001, new_atachm_mx_972001, new_atachm_mx_984001, 
new_atachm_mx_987001, new_atachm_mx_990001, new_atachm_mx_993001, new_atachm_mx_996001, 
new_atachm_mx_999001)
